Depth  Name        #Inst  Area (um^2)
-------------------------------------
0      Vedic_8B    351    1965.6693  
1      z5          25     123.3747   
1      z1          65     376.1793   
1      z4          65     376.1793   
1      z6          25     123.3747   
1      z3          65     376.1793   
1      z2          65     376.1793   
1      z7          41     214.2027   
2      z3/z3       6      42.3864    
2      z2/z5       11     53.7399    
2      z3/z7       19     99.1539    
2      z4/z2       6      42.3864    
2      z1/z3       6      42.3864    
2      z3/z6       11     53.7399    
2      z1/z4       6      42.3864    
2      z3/z1       6      42.3864    
2      z2/z1       6      42.3864    
2      z4/z5       11     53.7399    
2      z4/z4       6      42.3864    
2      z1/z5       11     53.7399    
2      z2/z7       19     99.1539    
2      z3/z2       6      42.3864    
2      z2/z6       11     53.7399    
2      z1/z7       19     99.1539    
2      z2/z2       6      42.3864    
2      z4/z3       6      42.3864    
2      z1/z1       6      42.3864    
2      z4/z7       19     99.1539    
2      z3/z4       6      42.3864    
2      z3/z5       11     53.7399    
2      z2/z3       6      42.3864    
2      z4/z6       11     53.7399    
2      z1/z6       11     53.7399    
2      z2/z4       6      42.3864    
2      z4/z1       6      42.3864    
2      z1/z2       6      42.3864    
3      z3/z1/z2    1      12.1104    
3      z4/z3/z1    1      12.1104    
3      z1/z1/z1    1      12.1104    
3      z3/z4/z1    1      12.1104    
3      z2/z1/z2    1      12.1104    
3      z2/z4/z1    1      12.1104    
3      z3/z2/z2    1      12.1104    
3      z4/z2/z2    1      12.1104    
3      z4/z1/z1    1      12.1104    
3      z1/z2/z1    1      12.1104    
3      z3/z3/z2    1      12.1104    
3      z2/z2/z2    1      12.1104    
3      z2/z3/z2    1      12.1104    
3      z3/z3/z1    1      12.1104    
3      z1/z1/z2    1      12.1104    
3      z4/z2/z1    1      12.1104    
3      z1/z3/z1    1      12.1104    
3      z2/z3/z1    1      12.1104    
3      z3/z4/z2    1      12.1104    
3      z1/z4/z1    1      12.1104    
3      z3/z1/z1    1      12.1104    
3      z2/z4/z2    1      12.1104    
3      z4/z1/z2    1      12.1104    
3      z1/z2/z2    1      12.1104    
3      z2/z1/z1    1      12.1104    
3      z1/z3/z2    1      12.1104    
3      z4/z4/z1    1      12.1104    
3      z3/z2/z1    1      12.1104    
3      z2/z2/z1    1      12.1104    
3      z4/z4/z2    1      12.1104    
3      z4/z3/z2    1      12.1104    
3      z1/z4/z2    1      12.1104    

